#                               Amortizaton Table
#
# Principal = $100000
# Rate = 5 percent.
# Monthy Payment = $536.82
# Crossover Point = $194.30
#
# Date-Time: 04/06/2017 16:40:00
#
#PayNo Payment Date Current Equity Current Interest  Tot. Equity  Tot. Interest
   1      12/25/16        120.15        416.67        120.15        416.67
   2      12/25/16        120.66        416.17        240.81        832.83
   3      12/25/16        121.16        415.66        361.97       1248.50
   4      12/25/16        121.66        415.16        483.63       1663.65
   5      12/25/16        122.17        414.65        605.80       2078.31
   6      12/25/16        122.68        414.14        728.48       2492.45
   7      12/25/16        123.19        413.63        851.67       2906.08
   8      12/25/16        123.70        413.12        975.38       3319.20
   9      12/25/16        124.22        412.60       1099.59       3731.80
  10      12/25/16        124.74        412.09       1224.33       4143.89
  11      12/25/16        125.26        411.57       1349.59       4555.45
  12      12/25/16        125.78        411.04       1475.37       4966.49
  13      12/25/16        126.30        410.52       1601.67       5377.01
  14      12/25/16        126.83        409.99       1728.50       5787.01
  15      12/25/16        127.36        409.46       1855.85       6196.47
  16      12/25/16        127.89        408.93       1983.74       6605.41
  17      12/25/16        128.42        408.40       2112.16       7013.81
  18      12/25/16        128.96        407.87       2241.12       7421.67
  19      12/25/16        129.49        407.33       2370.61       7829.00
  20      12/25/16        130.03        406.79       2500.64       8235.79
  21      12/25/16        130.57        406.25       2631.22       8642.04
  22      12/25/16        131.12        405.70       2762.34       9047.74
  23      12/25/16        131.66        405.16       2894.00       9452.90
  24      12/25/16        132.21        404.61       3026.21       9857.51
  25      12/25/16        132.76        404.06       3158.98      10261.56
  26      12/25/16        133.32        403.50       3292.29      10665.07
  27      12/25/16        133.87        402.95       3426.17      11068.02
  28      12/25/16        134.43        402.39       3560.60      11470.41
  29      12/25/16        134.99        401.83       3695.59      11872.24
  30      12/25/16        135.55        401.27       3831.14      12273.51
  31      12/25/16        136.12        400.70       3967.26      12674.21
  32      12/25/16        136.69        400.14       4103.95      13074.35
  33      12/25/16        137.25        399.57       4241.20      13473.91
  34      12/25/16        137.83        398.99       4379.03      13872.91
  35      12/25/16        138.40        398.42       4517.43      14271.33
  36      12/25/16        138.98        397.84       4656.41      14669.17
  37      12/25/16        139.56        397.26       4795.96      15066.44
  38      12/25/16        140.14        396.68       4936.10      15463.12
  39      12/25/16        140.72        396.10       5076.82      15859.22
  40      12/25/16        141.31        395.51       5218.13      16254.73
  41      12/25/16        141.90        394.92       5360.03      16649.66
  42      12/25/16        142.49        394.33       5502.52      17043.99
  43      12/25/16        143.08        393.74       5645.60      17437.73
  44      12/25/16        143.68        393.14       5789.28      17830.87
  45      12/25/16        144.28        392.54       5933.55      18223.42
  46      12/25/16        144.88        391.94       6078.43      18615.36
  47      12/25/16        145.48        391.34       6223.91      19006.70
  48      12/25/16        146.09        390.73       6370.00      19397.44
  49      12/25/16        146.70        390.12       6516.70      19787.56
  50      12/25/16        147.31        389.51       6664.01      20177.08
  51      12/25/16        147.92        388.90       6811.93      20565.98
  52      12/25/16        148.54        388.28       6960.47      20954.26
  53      12/25/16        149.16        387.66       7109.62      21341.92
  54      12/25/16        149.78        387.04       7259.40      21728.97
  55      12/25/16        150.40        386.42       7409.80      22115.39
  56      12/25/16        151.03        385.79       7560.83      22501.18
  57      12/25/16        151.66        385.16       7712.49      22886.34
  58      12/25/16        152.29        384.53       7864.78      23270.87
  59      12/25/16        152.92        383.90       8017.71      23654.77
  60      12/25/16        153.56        383.26       8171.27      24038.03
  61      12/25/16        154.20        382.62       8325.47      24420.65
  62      12/25/16        154.84        381.98       8480.31      24802.63
  63      12/25/16        155.49        381.33       8635.80      25183.96
  64      12/25/16        156.14        380.68       8791.94      25564.64
  65      12/25/16        156.79        380.03       8948.73      25944.68
  66      12/25/16        157.44        379.38       9106.17      26324.06
  67      12/25/16        158.10        378.72       9264.27      26702.78
  68      12/25/16        158.76        378.07       9423.02      27080.85
  69      12/25/16        159.42        377.40       9582.44      27458.25
  70      12/25/16        160.08        376.74       9742.52      27834.99
  71      12/25/16        160.75        376.07       9903.27      28211.06
  72      12/25/16        161.42        375.40      10064.69      28586.47
  73      12/25/16        162.09        374.73      10226.78      28961.20
  74      12/25/16        162.77        374.06      10389.55      29335.25
  75      12/25/16        163.44        373.38      10552.99      29708.63
  76      12/25/16        164.13        372.70      10717.12      30081.32
  77      12/25/16        164.81        372.01      10881.93      30453.34
  78      12/25/16        165.50        371.33      11047.42      30824.66
  79      12/25/16        166.19        370.64      11213.61      31195.30
  80      12/25/16        166.88        369.94      11380.49      31565.24
  81      12/25/16        167.57        369.25      11548.06      31934.49
  82      12/25/16        168.27        368.55      11716.33      32303.04
  83      12/25/16        168.97        367.85      11885.31      32670.89
  84      12/25/16        169.68        367.14      12054.98      33038.03
  85      12/25/16        170.38        366.44      12225.37      33404.47
  86      12/25/16        171.09        365.73      12396.46      33770.20
  87      12/25/16        171.81        365.01      12568.27      34135.21
  88      12/25/16        172.52        364.30      12740.79      34499.51
  89      12/25/16        173.24        363.58      12914.03      34863.09
  90      12/25/16        173.96        362.86      13088.00      35225.95
  91      12/25/16        174.69        362.13      13262.69      35588.08
  92      12/25/16        175.42        361.41      13438.10      35949.49
  93      12/25/16        176.15        360.67      13614.25      36310.16
  94      12/25/16        176.88        359.94      13791.13      36670.10
  95      12/25/16        177.62        359.20      13968.75      37029.31
  96      12/25/16        178.36        358.46      14147.11      37387.77
  97      12/25/16        179.10        357.72      14326.21      37745.49
  98      12/25/16        179.85        356.97      14506.05      38102.46
  99      12/25/16        180.60        356.22      14686.65      38458.69
 100      12/25/16        181.35        355.47      14868.00      38814.16
 101      12/25/16        182.10        354.72      15050.11      39168.88
 102      12/25/16        182.86        353.96      15232.97      39522.84
 103      12/25/16        183.63        353.20      15416.60      39876.03
 104      12/25/16        184.39        352.43      15600.99      40228.46
 105      12/25/16        185.16        351.66      15786.15      40580.13
 106      12/25/16        185.93        350.89      15972.08      40931.02
 107      12/25/16        186.71        350.12      16158.78      41281.13
 108      12/25/16        187.48        349.34      16346.26      41630.47
 109      12/25/16        188.26        348.56      16534.53      41979.03
 110      12/25/16        189.05        347.77      16723.58      42326.80
 111      12/25/16        189.84        346.99      16913.41      42673.79
 112      12/25/16        190.63        346.19      17104.04      43019.98
 113      12/25/16        191.42        345.40      17295.46      43365.38
 114      12/25/16        192.22        344.60      17487.68      43709.98
 115      12/25/16        193.02        343.80      17680.70      44053.78
 116      12/25/16        193.82        343.00      17874.53      44396.78
 117      12/25/16        194.63        342.19      18069.16      44738.97
 118      12/25/16        195.44        341.38      18264.60      45080.35
 119      12/25/16        196.26        340.56      18460.86      45420.91
 120      12/25/16        197.08        339.75      18657.94      45760.66
 121      12/25/16        197.90        338.93      18855.83      46099.58
 122      12/25/16        198.72        338.10      19054.55      46437.69
 123      12/25/16        199.55        337.27      19254.10      46774.96
 124      12/25/16        200.38        336.44      19454.48      47111.40
 125      12/25/16        201.22        335.61      19655.70      47447.01
 126      12/25/16        202.05        334.77      19857.75      47781.77
 127      12/25/16        202.90        333.93      20060.65      48115.70
 128      12/25/16        203.74        333.08      20264.39      48448.78
 129      12/25/16        204.59        332.23      20468.98      48781.01
 130      12/25/16        205.44        331.38      20674.42      49112.39
 131      12/25/16        206.30        330.52      20880.72      49442.91
 132      12/25/16        207.16        329.66      21087.88      49772.58
 133      12/25/16        208.02        328.80      21295.90      50101.38
 134      12/25/16        208.89        327.93      21504.79      50429.31
 135      12/25/16        209.76        327.06      21714.54      50756.38
 136      12/25/16        210.63        326.19      21925.18      51082.57
 137      12/25/16        211.51        325.31      22136.69      51407.88
 138      12/25/16        212.39        324.43      22349.08      51732.31
 139      12/25/16        213.28        323.55      22562.35      52055.85
 140      12/25/16        214.16        322.66      22776.52      52378.51
 141      12/25/16        215.06        321.76      22991.57      52700.27
 142      12/25/16        215.95        320.87      23207.53      53021.14
 143      12/25/16        216.85        319.97      23424.38      53341.11
 144      12/25/16        217.76        319.07      23642.14      53660.18
 145      12/25/16        218.66        318.16      23860.80      53978.33
 146      12/25/16        219.57        317.25      24080.38      54295.58
 147      12/25/16        220.49        316.33      24300.87      54611.91
 148      12/25/16        221.41        315.41      24522.27      54927.33
 149      12/25/16        222.33        314.49      24744.61      55241.82
 150      12/25/16        223.26        313.56      24967.86      55555.38
 151      12/25/16        224.19        312.63      25192.05      55868.01
 152      12/25/16        225.12        311.70      25417.17      56179.71
 153      12/25/16        226.06        310.76      25643.23      56490.48
 154      12/25/16        227.00        309.82      25870.23      56800.30
 155      12/25/16        227.95        308.87      26098.18      57109.17
 156      12/25/16        228.90        307.92      26327.08      57417.09
 157      12/25/16        229.85        306.97      26556.93      57724.06
 158      12/25/16        230.81        306.01      26787.74      58030.08
 159      12/25/16        231.77        305.05      27019.51      58335.13
 160      12/25/16        232.74        304.09      27252.25      58639.21
 161      12/25/16        233.71        303.12      27485.95      58942.33
 162      12/25/16        234.68        302.14      27720.63      59244.47
 163      12/25/16        235.66        301.16      27956.29      59545.64
 164      12/25/16        236.64        300.18      28192.93      59845.82
 165      12/25/16        237.63        299.20      28430.55      60145.01
 166      12/25/16        238.62        298.21      28669.17      60443.22
 167      12/25/16        239.61        297.21      28908.78      60740.43
 168      12/25/16        240.61        296.21      29149.39      61036.64
 169      12/25/16        241.61        295.21      29391.00      61331.86
 170      12/25/16        242.62        294.20      29633.62      61626.06
 171      12/25/16        243.63        293.19      29877.24      61919.25
 172      12/25/16        244.64        292.18      30121.89      62211.43
 173      12/25/16        245.66        291.16      30367.55      62502.59
 174      12/25/16        246.69        290.14      30614.24      62792.73
 175      12/25/16        247.71        289.11      30861.95      63081.83
 176      12/25/16        248.75        288.08      31110.70      63369.91
 177      12/25/16        249.78        287.04      31360.48      63656.95
 178      12/25/16        250.82        286.00      31611.30      63942.94
 179      12/25/16        251.87        284.95      31863.17      64227.90
 180      12/25/16        252.92        283.90      32116.09      64511.80
 181      12/25/16        253.97        282.85      32370.06      64794.65
 182      12/25/16        255.03        281.79      32625.09      65076.44
 183      12/25/16        256.09        280.73      32881.19      65357.17
 184      12/25/16        257.16        279.66      33138.35      65636.83
 185      12/25/16        258.23        278.59      33396.58      65915.42
 186      12/25/16        259.31        277.51      33655.89      66192.94
 187      12/25/16        260.39        276.43      33916.27      66469.37
 188      12/25/16        261.47        275.35      34177.75      66744.72
 189      12/25/16        262.56        274.26      34440.31      67018.98
 190      12/25/16        263.66        273.17      34703.96      67292.14
 191      12/25/16        264.75        272.07      34968.72      67564.21
 192      12/25/16        265.86        270.96      35234.58      67835.17
 193      12/25/16        266.97        269.86      35501.54      68105.03
 194      12/25/16        268.08        268.74      35769.62      68373.77
 195      12/25/16        269.20        267.63      36038.82      68641.40
 196      12/25/16        270.32        266.50      36309.13      68907.91
 197      12/25/16        271.44        265.38      36580.58      69173.28
 198      12/25/16        272.57        264.25      36853.15      69437.53
 199      12/25/16        273.71        263.11      37126.86      69700.64
 200      12/25/16        274.85        261.97      37401.71      69962.62
 201      12/25/16        276.00        260.83      37677.70      70223.44
 202      12/25/16        277.15        259.68      37954.85      70483.12
 203      12/25/16        278.30        258.52      38233.15      70741.64
 204      12/25/16        279.46        257.36      38512.61      70999.00
 205      12/25/16        280.62        256.20      38793.23      71255.20
 206      12/25/16        281.79        255.03      39075.03      71510.23
 207      12/25/16        282.97        253.85      39358.00      71764.08
 208      12/25/16        284.15        252.68      39642.14      72016.76
 209      12/25/16        285.33        251.49      39927.47      72268.25
 210      12/25/16        286.52        250.30      40213.99      72518.55
 211      12/25/16        287.71        249.11      40501.71      72767.66
 212      12/25/16        288.91        247.91      40790.62      73015.57
 213      12/25/16        290.12        246.71      41080.73      73262.27
 214      12/25/16        291.32        245.50      41372.06      73507.77
 215      12/25/16        292.54        244.28      41664.60      73752.05
 216      12/25/16        293.76        243.06      41958.35      73995.12
 217      12/25/16        294.98        241.84      42253.34      74236.96
 218      12/25/16        296.21        240.61      42549.55      74477.57
 219      12/25/16        297.44        239.38      42846.99      74716.95
 220      12/25/16        298.68        238.14      43145.67      74955.08
 221      12/25/16        299.93        236.89      43445.60      75191.98
 222      12/25/16        301.18        235.64      43746.78      75427.62
 223      12/25/16        302.43        234.39      44049.21      75662.01
 224      12/25/16        303.69        233.13      44352.91      75895.14
 225      12/25/16        304.96        231.86      44657.87      76127.00
 226      12/25/16        306.23        230.59      44964.10      76357.59
 227      12/25/16        307.51        229.32      45271.60      76586.91
 228      12/25/16        308.79        228.03      45580.39      76814.94
 229      12/25/16        310.07        226.75      45890.46      77041.69
 230      12/25/16        311.37        225.46      46201.83      77267.15
 231      12/25/16        312.66        224.16      46514.49      77491.31
 232      12/25/16        313.97        222.86      46828.45      77714.16
 233      12/25/16        315.27        221.55      47143.73      77935.71
 234      12/25/16        316.59        220.23      47460.32      78155.94
 235      12/25/16        317.91        218.92      47778.22      78374.86
 236      12/25/16        319.23        217.59      48097.45      78592.45
 237      12/25/16        320.56        216.26      48418.01      78808.71
 238      12/25/16        321.90        214.92      48739.91      79023.64
 239      12/25/16        323.24        213.58      49063.15      79237.22
 240      12/25/16        324.58        212.24      49387.73      79449.46
 241      12/25/16        325.94        210.88      49713.67      79660.34
 242      12/25/16        327.30        209.53      50040.96      79869.87
 243      12/25/16        328.66        208.16      50369.62      80078.03
 244      12/25/16        330.03        206.79      50699.65      80284.82
 245      12/25/16        331.40        205.42      51031.06      80490.24
 246      12/25/16        332.78        204.04      51363.84      80694.28
 247      12/25/16        334.17        202.65      51698.01      80896.93
 248      12/25/16        335.56        201.26      52033.57      81098.19
 249      12/25/16        336.96        199.86      52370.54      81298.05
 250      12/25/16        338.37        198.46      52708.90      81496.50
 251      12/25/16        339.78        197.05      53048.68      81693.55
 252      12/25/16        341.19        195.63      53389.87      81889.18
 253      12/25/16        342.61        194.21      53732.48      82083.39
 254      12/25/16        344.04        192.78      54076.52      82276.17
 255      12/25/16        345.47        191.35      54421.99      82467.52
 256      12/25/16        346.91        189.91      54768.91      82657.43
 257      12/25/16        348.36        188.46      55117.27      82845.89
 258      12/25/16        349.81        187.01      55467.08      83032.90
 259      12/25/16        351.27        185.55      55818.34      83218.46
 260      12/25/16        352.73        184.09      56171.08      83402.55
 261      12/25/16        354.20        182.62      56525.28      83585.17
 262      12/25/16        355.68        181.14      56880.95      83766.31
 263      12/25/16        357.16        179.66      57238.11      83945.97
 264      12/25/16        358.65        178.17      57596.76      84124.15
 265      12/25/16        360.14        176.68      57956.90      84300.83
 266      12/25/16        361.64        175.18      58318.54      84476.01
 267      12/25/16        363.15        173.67      58681.69      84649.68
 268      12/25/16        364.66        172.16      59046.35      84821.84
 269      12/25/16        366.18        170.64      59412.54      84992.48
 270      12/25/16        367.71        169.11      59780.24      85161.59
 271      12/25/16        369.24        167.58      60149.48      85329.18
 272      12/25/16        370.78        166.04      60520.26      85495.22
 273      12/25/16        372.32        164.50      60892.58      85659.72
 274      12/25/16        373.87        162.95      61266.46      85822.67
 275      12/25/16        375.43        161.39      61641.89      85984.06
 276      12/25/16        377.00        159.83      62018.89      86143.88
 277      12/25/16        378.57        158.25      62397.45      86302.14
 278      12/25/16        380.14        156.68      62777.60      86458.81
 279      12/25/16        381.73        155.09      63159.32      86613.91
 280      12/25/16        383.32        153.50      63542.64      86767.41
 281      12/25/16        384.92        151.91      63927.56      86919.32
 282      12/25/16        386.52        150.30      64314.08      87069.62
 283      12/25/16        388.13        148.69      64702.21      87218.31
 284      12/25/16        389.75        147.07      65091.96      87365.38
 285      12/25/16        391.37        145.45      65483.33      87510.83
 286      12/25/16        393.00        143.82      65876.33      87654.65
 287      12/25/16        394.64        142.18      66270.97      87796.84
 288      12/25/16        396.28        140.54      66667.25      87937.37
 289      12/25/16        397.94        138.89      67065.19      88076.26
 290      12/25/16        399.59        137.23      67464.78      88213.49
 291      12/25/16        401.26        135.56      67866.04      88349.05
 292      12/25/16        402.93        133.89      68268.97      88482.94
 293      12/25/16        404.61        132.21      68673.58      88615.16
 294      12/25/16        406.29        130.53      69079.88      88745.68
 295      12/25/16        407.99        128.83      69487.86      88874.52
 296      12/25/16        409.69        127.13      69897.55      89001.65
 297      12/25/16        411.39        125.43      70308.95      89127.08
 298      12/25/16        413.11        123.71      70722.05      89250.79
 299      12/25/16        414.83        121.99      71136.88      89372.78
 300      12/25/16        416.56        120.26      71553.44      89493.04
 301      12/25/16        418.29        118.53      71971.74      89611.57
 302      12/25/16        420.04        116.78      72391.77      89728.36
 303      12/25/16        421.79        115.03      72813.56      89843.39
 304      12/25/16        423.54        113.28      73237.11      89956.67
 305      12/25/16        425.31        111.51      73662.42      90068.18
 306      12/25/16        427.08        109.74      74089.50      90177.92
 307      12/25/16        428.86        107.96      74518.36      90285.88
 308      12/25/16        430.65        106.17      74949.01      90392.05
 309      12/25/16        432.44        104.38      75381.45      90496.43
 310      12/25/16        434.24        102.58      75815.69      90599.01
 311      12/25/16        436.05        100.77      76251.75      90699.78
 312      12/25/16        437.87         98.95      76689.62      90798.73
 313      12/25/16        439.70         97.13      77129.31      90895.85
 314      12/25/16        441.53         95.29      77570.84      90991.15
 315      12/25/16        443.37         93.45      78014.21      91084.60
 316      12/25/16        445.21         91.61      78459.42      91176.21
 317      12/25/16        447.07         89.75      78906.49      91265.96
 318      12/25/16        448.93         87.89      79355.42      91353.85
 319      12/25/16        450.80         86.02      79806.23      91439.87
 320      12/25/16        452.68         84.14      80258.91      91524.01
 321      12/25/16        454.57         82.25      80713.47      91606.27
 322      12/25/16        456.46         80.36      81169.93      91686.63
 323      12/25/16        458.36         78.46      81628.30      91765.09
 324      12/25/16        460.27         76.55      82088.57      91841.64
 325      12/25/16        462.19         74.63      82550.76      91916.27
 326      12/25/16        464.12         72.71      83014.88      91988.97
 327      12/25/16        466.05         70.77      83480.93      92059.74
 328      12/25/16        467.99         68.83      83948.92      92128.57
 329      12/25/16        469.94         66.88      84418.86      92195.45
 330      12/25/16        471.90         64.92      84890.76      92260.37
 331      12/25/16        473.87         62.96      85364.63      92323.33
 332      12/25/16        475.84         60.98      85840.47      92384.31
 333      12/25/16        477.82         59.00      86318.29      92443.31
 334      12/25/16        479.81         57.01      86798.11      92500.31
 335      12/25/16        481.81         55.01      87279.92      92555.32
 336      12/25/16        483.82         53.00      87763.74      92608.32
 337      12/25/16        485.84         50.98      88249.58      92659.31
 338      12/25/16        487.86         48.96      88737.44      92708.27
 339      12/25/16        489.89         46.93      89227.34      92755.19
 340      12/25/16        491.94         44.89      89719.27      92800.08
 341      12/25/16        493.99         42.84      90213.26      92842.92
 342      12/25/16        496.04         40.78      90709.30      92883.70
 343      12/25/16        498.11         38.71      91207.41      92922.41
 344      12/25/16        500.19         36.64      91707.60      92959.04
 345      12/25/16        502.27         34.55      92209.87      92993.59
 346      12/25/16        504.36         32.46      92714.23      93026.05
 347      12/25/16        506.46         30.36      93220.69      93056.41
 348      12/25/16        508.57         28.25      93729.27      93084.66
 349      12/25/16        510.69         26.13      94239.96      93110.79
 350      12/25/16        512.82         24.00      94752.78      93134.79
 351      12/25/16        514.96         21.86      95267.74      93156.65
 352      12/25/16        517.10         19.72      95784.84      93176.37
 353      12/25/16        519.26         17.56      96304.10      93193.93
 354      12/25/16        521.42         15.40      96825.53      93209.33
 355      12/25/16        523.59         13.23      97349.12      93222.56
 356      12/25/16        525.78         11.05      97874.90      93233.60
 357      12/25/16        527.97          8.85      98402.86      93242.46
 358      12/25/16        530.17          6.65      98933.03      93249.11
 359      12/25/16        532.38          4.45      99465.41      93253.56
 360      12/25/16        534.59          2.23     100000.00      93255.78
